n_l = 1.42816 +- 0.00329686
gamma = 2.68834e-05 +- 1.31265e-08
theta_0 = -0.000151386 +- 1.24428e-05
N_0 = 0.150719 +- 0.0228914

Correlation coefficient between N_0 and gamma = -0.0429647
Correlation coefficient between theta_0 and gamma = 0.0281875
Correlation coefficient between N_0 and theta_0 = 0.736687

Chi2/dof = 408.594/186
