n_l = 1.4503 +- 0.00221882
gamma = 2.68895e-05 +- 6.041e-08
theta_0 = -0.0018989 +- 1.48085e-05
N_0 = 0.0325434 +- 0.0373738

Correlation coefficient between N_0 and gamma = 0.321503
Correlation coefficient between theta_0 and gamma = -0.0368384
Correlation coefficient between N_0 and theta_0 = 0.084584

Chi2/dof = 83851.1/270
