a = -8.10486 +- 9.2422
b = 19534.5 +- 53.1632
alpha = 5.11872e-05 +- 1.39162e-07
Chi2/dof = 18.4994/16
rho = -0.852932
