a = -8.11813 +- 9.24545
b = 19534.5 +- 53.4427
alpha = 5.11928e-05 +- 1.38729e-07
Chi2/dof = 18.4883/16
